B lat lon SMp Cab Cdm Cw Cs Cca Cant N LAI LIDFa LIDFb hot Pa aot550 uo3 alt_m Pa0 tts tto psi
0.5 0 100 15 40 0.01 0.02 0 10 10 1.5 3 -0.35 -0.15 0.05 -999 0.3246 0.348 0 1013.25 40 0 0
0.5 0 100 15 40 0.01 0.02 0 10 10 1.5 3 -0.35 -0.15 0.05 -999 0.3246 0.348 0 1013.25 40 0 10
0.5 0 100 15 40 0.01 0.02 0 10 10 1.5 3 -0.35 -0.15 0.05 -999 0.3246 0.348 0 1013.25 40 0 20
0.5 0 100 15 40 0.01 0.02 0 10 10 1.5 3 -0.35 -0.15 0.05 -999 0.3246 0.348 0 1013.25 40 0 30
0.5 0 100 15 40 0.01 0.02 0 10 10 1.5 3 -0.35 -0.15 0.05 -999 0.3246 0.348 0 1013.25 40 0 40
0.5 0 100 15 40 0.01 0.02 0 10 10 1.5 3 -0.35 -0.15 0.05 -999 0.3246 0.348 0 1013.25 40 0 50
0.5 0 100 15 40 0.01 0.02 0 10 10 1.5 3 -0.35 -0.15 0.05 -999 0.3246 0.348 0 1013.25 40 0 60
0.5 0 100 15 40 0.01 0.02 0 10 10 1.5 3 -0.35 -0.15 0.05 -999 0.3246 0.348 0 1013.25 40 0 70
0.5 0 100 15 40 0.01 0.02 0 10 10 1.5 3 -0.35 -0.15 0.05 -999 0.3246 0.348 0 1013.25 40 0 80
0.5 0 100 15 40 0.01 0.02 0 10 10 1.5 3 -0.35 -0.15 0.05 -999 0.3246 0.348 0 1013.25 40 0 90
0.5 0 100 15 40 0.01 0.02 0 10 10 1.5 3 -0.35 -0.15 0.05 -999 0.3246 0.348 0 1013.25 40 0 100
0.5 0 100 15 40 0.01 0.02 0 10 10 1.5 3 -0.35 -0.15 0.05 -999 0.3246 0.348 0 1013.25 40 0 110
0.5 0 100 15 40 0.01 0.02 0 10 10 1.5 3 -0.35 -0.15 0.05 -999 0.3246 0.348 0 1013.25 40 0 120
0.5 0 100 15 40 0.01 0.02 0 10 10 1.5 3 -0.35 -0.15 0.05 -999 0.3246 0.348 0 1013.25 40 0 130
0.5 0 100 15 40 0.01 0.02 0 10 10 1.5 3 -0.35 -0.15 0.05 -999 0.3246 0.348 0 1013.25 40 0 140
0.5 0 100 15 40 0.01 0.02 0 10 10 1.5 3 -0.35 -0.15 0.05 -999 0.3246 0.348 0 1013.25 40 0 150
0.5 0 100 15 40 0.01 0.02 0 10 10 1.5 3 -0.35 -0.15 0.05 -999 0.3246 0.348 0 1013.25 40 0 160
0.5 0 100 15 40 0.01 0.02 0 10 10 1.5 3 -0.35 -0.15 0.05 -999 0.3246 0.348 0 1013.25 40 0 170
0.5 0 100 15 40 0.01 0.02 0 10 10 1.5 3 -0.35 -0.15 0.05 -999 0.3246 0.348 0 1013.25 40 0 180
0.5 0 100 15 40 0.01 0.02 0 10 10 1.5 3 -0.35 -0.15 0.05 -999 0.3246 0.348 0 1013.25 40 0 190
0.5 0 100 15 40 0.01 0.02 0 10 10 1.5 3 -0.35 -0.15 0.05 -999 0.3246 0.348 0 1013.25 40 0 200
0.5 0 100 15 40 0.01 0.02 0 10 10 1.5 3 -0.35 -0.15 0.05 -999 0.3246 0.348 0 1013.25 40 0 210
0.5 0 100 15 40 0.01 0.02 0 10 10 1.5 3 -0.35 -0.15 0.05 -999 0.3246 0.348 0 1013.25 40 0 220
0.5 0 100 15 40 0.01 0.02 0 10 10 1.5 3 -0.35 -0.15 0.05 -999 0.3246 0.348 0 1013.25 40 0 230
0.5 0 100 15 40 0.01 0.02 0 10 10 1.5 3 -0.35 -0.15 0.05 -999 0.3246 0.348 0 1013.25 40 0 240
0.5 0 100 15 40 0.01 0.02 0 10 10 1.5 3 -0.35 -0.15 0.05 -999 0.3246 0.348 0 1013.25 40 0 250
0.5 0 100 15 40 0.01 0.02 0 10 10 1.5 3 -0.35 -0.15 0.05 -999 0.3246 0.348 0 1013.25 40 0 260
0.5 0 100 15 40 0.01 0.02 0 10 10 1.5 3 -0.35 -0.15 0.05 -999 0.3246 0.348 0 1013.25 40 0 270
0.5 0 100 15 40 0.01 0.02 0 10 10 1.5 3 -0.35 -0.15 0.05 -999 0.3246 0.348 0 1013.25 40 0 280
0.5 0 100 15 40 0.01 0.02 0 10 10 1.5 3 -0.35 -0.15 0.05 -999 0.3246 0.348 0 1013.25 40 0 290
0.5 0 100 15 40 0.01 0.02 0 10 10 1.5 3 -0.35 -0.15 0.05 -999 0.3246 0.348 0 1013.25 40 0 300
0.5 0 100 15 40 0.01 0.02 0 10 10 1.5 3 -0.35 -0.15 0.05 -999 0.3246 0.348 0 1013.25 40 0 310
0.5 0 100 15 40 0.01 0.02 0 10 10 1.5 3 -0.35 -0.15 0.05 -999 0.3246 0.348 0 1013.25 40 0 320
0.5 0 100 15 40 0.01 0.02 0 10 10 1.5 3 -0.35 -0.15 0.05 -999 0.3246 0.348 0 1013.25 40 0 330
0.5 0 100 15 40 0.01 0.02 0 10 10 1.5 3 -0.35 -0.15 0.05 -999 0.3246 0.348 0 1013.25 40 0 340
0.5 0 100 15 40 0.01 0.02 0 10 10 1.5 3 -0.35 -0.15 0.05 -999 0.3246 0.348 0 1013.25 40 0 350
0.5 0 100 15 40 0.01 0.02 0 10 10 1.5 3 -0.35 -0.15 0.05 -999 0.3246 0.348 0 1013.25 40 0 360
0.5 0 100 15 40 0.01 0.02 0 10 10 1.5 3 -0.35 -0.15 0.05 -999 0.3246 0.348 0 1013.25 40 10 0
0.5 0 100 15 40 0.01 0.02 0 10 10 1.5 3 -0.35 -0.15 0.05 -999 0.3246 0.348 0 1013.25 40 10 10
0.5 0 100 15 40 0.01 0.02 0 10 10 1.5 3 -0.35 -0.15 0.05 -999 0.3246 0.348 0 1013.25 40 10 20
0.5 0 100 15 40 0.01 0.02 0 10 10 1.5 3 -0.35 -0.15 0.05 -999 0.3246 0.348 0 1013.25 40 10 30
0.5 0 100 15 40 0.01 0.02 0 10 10 1.5 3 -0.35 -0.15 0.05 -999 0.3246 0.348 0 1013.25 40 10 40
0.5 0 100 15 40 0.01 0.02 0 10 10 1.5 3 -0.35 -0.15 0.05 -999 0.3246 0.348 0 1013.25 40 10 50
0.5 0 100 15 40 0.01 0.02 0 10 10 1.5 3 -0.35 -0.15 0.05 -999 0.3246 0.348 0 1013.25 40 10 60
0.5 0 100 15 40 0.01 0.02 0 10 10 1.5 3 -0.35 -0.15 0.05 -999 0.3246 0.348 0 1013.25 40 10 70
0.5 0 100 15 40 0.01 0.02 0 10 10 1.5 3 -0.35 -0.15 0.05 -999 0.3246 0.348 0 1013.25 40 10 80
0.5 0 100 15 40 0.01 0.02 0 10 10 1.5 3 -0.35 -0.15 0.05 -999 0.3246 0.348 0 1013.25 40 10 90
0.5 0 100 15 40 0.01 0.02 0 10 10 1.5 3 -0.35 -0.15 0.05 -999 0.3246 0.348 0 1013.25 40 10 100
0.5 0 100 15 40 0.01 0.02 0 10 10 1.5 3 -0.35 -0.15 0.05 -999 0.3246 0.348 0 1013.25 40 10 110
0.5 0 100 15 40 0.01 0.02 0 10 10 1.5 3 -0.35 -0.15 0.05 -999 0.3246 0.348 0 1013.25 40 10 120
0.5 0 100 15 40 0.01 0.02 0 10 10 1.5 3 -0.35 -0.15 0.05 -999 0.3246 0.348 0 1013.25 40 10 130
0.5 0 100 15 40 0.01 0.02 0 10 10 1.5 3 -0.35 -0.15 0.05 -999 0.3246 0.348 0 1013.25 40 10 140
0.5 0 100 15 40 0.01 0.02 0 10 10 1.5 3 -0.35 -0.15 0.05 -999 0.3246 0.348 0 1013.25 40 10 150
0.5 0 100 15 40 0.01 0.02 0 10 10 1.5 3 -0.35 -0.15 0.05 -999 0.3246 0.348 0 1013.25 40 10 160
0.5 0 100 15 40 0.01 0.02 0 10 10 1.5 3 -0.35 -0.15 0.05 -999 0.3246 0.348 0 1013.25 40 10 170
0.5 0 100 15 40 0.01 0.02 0 10 10 1.5 3 -0.35 -0.15 0.05 -999 0.3246 0.348 0 1013.25 40 10 180
0.5 0 100 15 40 0.01 0.02 0 10 10 1.5 3 -0.35 -0.15 0.05 -999 0.3246 0.348 0 1013.25 40 10 190
0.5 0 100 15 40 0.01 0.02 0 10 10 1.5 3 -0.35 -0.15 0.05 -999 0.3246 0.348 0 1013.25 40 10 200
0.5 0 100 15 40 0.01 0.02 0 10 10 1.5 3 -0.35 -0.15 0.05 -999 0.3246 0.348 0 1013.25 40 10 210
0.5 0 100 15 40 0.01 0.02 0 10 10 1.5 3 -0.35 -0.15 0.05 -999 0.3246 0.348 0 1013.25 40 10 220
0.5 0 100 15 40 0.01 0.02 0 10 10 1.5 3 -0.35 -0.15 0.05 -999 0.3246 0.348 0 1013.25 40 10 230
0.5 0 100 15 40 0.01 0.02 0 10 10 1.5 3 -0.35 -0.15 0.05 -999 0.3246 0.348 0 1013.25 40 10 240
0.5 0 100 15 40 0.01 0.02 0 10 10 1.5 3 -0.35 -0.15 0.05 -999 0.3246 0.348 0 1013.25 40 10 250
0.5 0 100 15 40 0.01 0.02 0 10 10 1.5 3 -0.35 -0.15 0.05 -999 0.3246 0.348 0 1013.25 40 10 260
0.5 0 100 15 40 0.01 0.02 0 10 10 1.5 3 -0.35 -0.15 0.05 -999 0.3246 0.348 0 1013.25 40 10 270
0.5 0 100 15 40 0.01 0.02 0 10 10 1.5 3 -0.35 -0.15 0.05 -999 0.3246 0.348 0 1013.25 40 10 280
0.5 0 100 15 40 0.01 0.02 0 10 10 1.5 3 -0.35 -0.15 0.05 -999 0.3246 0.348 0 1013.25 40 10 290
0.5 0 100 15 40 0.01 0.02 0 10 10 1.5 3 -0.35 -0.15 0.05 -999 0.3246 0.348 0 1013.25 40 10 300
0.5 0 100 15 40 0.01 0.02 0 10 10 1.5 3 -0.35 -0.15 0.05 -999 0.3246 0.348 0 1013.25 40 10 310
0.5 0 100 15 40 0.01 0.02 0 10 10 1.5 3 -0.35 -0.15 0.05 -999 0.3246 0.348 0 1013.25 40 10 320
0.5 0 100 15 40 0.01 0.02 0 10 10 1.5 3 -0.35 -0.15 0.05 -999 0.3246 0.348 0 1013.25 40 10 330
0.5 0 100 15 40 0.01 0.02 0 10 10 1.5 3 -0.35 -0.15 0.05 -999 0.3246 0.348 0 1013.25 40 10 340
0.5 0 100 15 40 0.01 0.02 0 10 10 1.5 3 -0.35 -0.15 0.05 -999 0.3246 0.348 0 1013.25 40 10 350
0.5 0 100 15 40 0.01 0.02 0 10 10 1.5 3 -0.35 -0.15 0.05 -999 0.3246 0.348 0 1013.25 40 10 360
0.5 0 100 15 40 0.01 0.02 0 10 10 1.5 3 -0.35 -0.15 0.05 -999 0.3246 0.348 0 1013.25 40 20 0
0.5 0 100 15 40 0.01 0.02 0 10 10 1.5 3 -0.35 -0.15 0.05 -999 0.3246 0.348 0 1013.25 40 20 10
0.5 0 100 15 40 0.01 0.02 0 10 10 1.5 3 -0.35 -0.15 0.05 -999 0.3246 0.348 0 1013.25 40 20 20
0.5 0 100 15 40 0.01 0.02 0 10 10 1.5 3 -0.35 -0.15 0.05 -999 0.3246 0.348 0 1013.25 40 20 30
0.5 0 100 15 40 0.01 0.02 0 10 10 1.5 3 -0.35 -0.15 0.05 -999 0.3246 0.348 0 1013.25 40 20 40
0.5 0 100 15 40 0.01 0.02 0 10 10 1.5 3 -0.35 -0.15 0.05 -999 0.3246 0.348 0 1013.25 40 20 50
0.5 0 100 15 40 0.01 0.02 0 10 10 1.5 3 -0.35 -0.15 0.05 -999 0.3246 0.348 0 1013.25 40 20 60
0.5 0 100 15 40 0.01 0.02 0 10 10 1.5 3 -0.35 -0.15 0.05 -999 0.3246 0.348 0 1013.25 40 20 70
0.5 0 100 15 40 0.01 0.02 0 10 10 1.5 3 -0.35 -0.15 0.05 -999 0.3246 0.348 0 1013.25 40 20 80
0.5 0 100 15 40 0.01 0.02 0 10 10 1.5 3 -0.35 -0.15 0.05 -999 0.3246 0.348 0 1013.25 40 20 90
0.5 0 100 15 40 0.01 0.02 0 10 10 1.5 3 -0.35 -0.15 0.05 -999 0.3246 0.348 0 1013.25 40 20 100
0.5 0 100 15 40 0.01 0.02 0 10 10 1.5 3 -0.35 -0.15 0.05 -999 0.3246 0.348 0 1013.25 40 20 110
0.5 0 100 15 40 0.01 0.02 0 10 10 1.5 3 -0.35 -0.15 0.05 -999 0.3246 0.348 0 1013.25 40 20 120
0.5 0 100 15 40 0.01 0.02 0 10 10 1.5 3 -0.35 -0.15 0.05 -999 0.3246 0.348 0 1013.25 40 20 130
0.5 0 100 15 40 0.01 0.02 0 10 10 1.5 3 -0.35 -0.15 0.05 -999 0.3246 0.348 0 1013.25 40 20 140
0.5 0 100 15 40 0.01 0.02 0 10 10 1.5 3 -0.35 -0.15 0.05 -999 0.3246 0.348 0 1013.25 40 20 150
0.5 0 100 15 40 0.01 0.02 0 10 10 1.5 3 -0.35 -0.15 0.05 -999 0.3246 0.348 0 1013.25 40 20 160
0.5 0 100 15 40 0.01 0.02 0 10 10 1.5 3 -0.35 -0.15 0.05 -999 0.3246 0.348 0 1013.25 40 20 170
0.5 0 100 15 40 0.01 0.02 0 10 10 1.5 3 -0.35 -0.15 0.05 -999 0.3246 0.348 0 1013.25 40 20 180
0.5 0 100 15 40 0.01 0.02 0 10 10 1.5 3 -0.35 -0.15 0.05 -999 0.3246 0.348 0 1013.25 40 20 190
0.5 0 100 15 40 0.01 0.02 0 10 10 1.5 3 -0.35 -0.15 0.05 -999 0.3246 0.348 0 1013.25 40 20 200
0.5 0 100 15 40 0.01 0.02 0 10 10 1.5 3 -0.35 -0.15 0.05 -999 0.3246 0.348 0 1013.25 40 20 210
0.5 0 100 15 40 0.01 0.02 0 10 10 1.5 3 -0.35 -0.15 0.05 -999 0.3246 0.348 0 1013.25 40 20 220
0.5 0 100 15 40 0.01 0.02 0 10 10 1.5 3 -0.35 -0.15 0.05 -999 0.3246 0.348 0 1013.25 40 20 230
0.5 0 100 15 40 0.01 0.02 0 10 10 1.5 3 -0.35 -0.15 0.05 -999 0.3246 0.348 0 1013.25 40 20 240
0.5 0 100 15 40 0.01 0.02 0 10 10 1.5 3 -0.35 -0.15 0.05 -999 0.3246 0.348 0 1013.25 40 20 250
0.5 0 100 15 40 0.01 0.02 0 10 10 1.5 3 -0.35 -0.15 0.05 -999 0.3246 0.348 0 1013.25 40 20 260
0.5 0 100 15 40 0.01 0.02 0 10 10 1.5 3 -0.35 -0.15 0.05 -999 0.3246 0.348 0 1013.25 40 20 270
0.5 0 100 15 40 0.01 0.02 0 10 10 1.5 3 -0.35 -0.15 0.05 -999 0.3246 0.348 0 1013.25 40 20 280
0.5 0 100 15 40 0.01 0.02 0 10 10 1.5 3 -0.35 -0.15 0.05 -999 0.3246 0.348 0 1013.25 40 20 290
0.5 0 100 15 40 0.01 0.02 0 10 10 1.5 3 -0.35 -0.15 0.05 -999 0.3246 0.348 0 1013.25 40 20 300
0.5 0 100 15 40 0.01 0.02 0 10 10 1.5 3 -0.35 -0.15 0.05 -999 0.3246 0.348 0 1013.25 40 20 310
0.5 0 100 15 40 0.01 0.02 0 10 10 1.5 3 -0.35 -0.15 0.05 -999 0.3246 0.348 0 1013.25 40 20 320
0.5 0 100 15 40 0.01 0.02 0 10 10 1.5 3 -0.35 -0.15 0.05 -999 0.3246 0.348 0 1013.25 40 20 330
0.5 0 100 15 40 0.01 0.02 0 10 10 1.5 3 -0.35 -0.15 0.05 -999 0.3246 0.348 0 1013.25 40 20 340
0.5 0 100 15 40 0.01 0.02 0 10 10 1.5 3 -0.35 -0.15 0.05 -999 0.3246 0.348 0 1013.25 40 20 350
0.5 0 100 15 40 0.01 0.02 0 10 10 1.5 3 -0.35 -0.15 0.05 -999 0.3246 0.348 0 1013.25 40 20 360
0.5 0 100 15 40 0.01 0.02 0 10 10 1.5 3 -0.35 -0.15 0.05 -999 0.3246 0.348 0 1013.25 40 30 0
0.5 0 100 15 40 0.01 0.02 0 10 10 1.5 3 -0.35 -0.15 0.05 -999 0.3246 0.348 0 1013.25 40 30 10
0.5 0 100 15 40 0.01 0.02 0 10 10 1.5 3 -0.35 -0.15 0.05 -999 0.3246 0.348 0 1013.25 40 30 20
0.5 0 100 15 40 0.01 0.02 0 10 10 1.5 3 -0.35 -0.15 0.05 -999 0.3246 0.348 0 1013.25 40 30 30
0.5 0 100 15 40 0.01 0.02 0 10 10 1.5 3 -0.35 -0.15 0.05 -999 0.3246 0.348 0 1013.25 40 30 40
0.5 0 100 15 40 0.01 0.02 0 10 10 1.5 3 -0.35 -0.15 0.05 -999 0.3246 0.348 0 1013.25 40 30 50
0.5 0 100 15 40 0.01 0.02 0 10 10 1.5 3 -0.35 -0.15 0.05 -999 0.3246 0.348 0 1013.25 40 30 60
0.5 0 100 15 40 0.01 0.02 0 10 10 1.5 3 -0.35 -0.15 0.05 -999 0.3246 0.348 0 1013.25 40 30 70
0.5 0 100 15 40 0.01 0.02 0 10 10 1.5 3 -0.35 -0.15 0.05 -999 0.3246 0.348 0 1013.25 40 30 80
0.5 0 100 15 40 0.01 0.02 0 10 10 1.5 3 -0.35 -0.15 0.05 -999 0.3246 0.348 0 1013.25 40 30 90
0.5 0 100 15 40 0.01 0.02 0 10 10 1.5 3 -0.35 -0.15 0.05 -999 0.3246 0.348 0 1013.25 40 30 100
0.5 0 100 15 40 0.01 0.02 0 10 10 1.5 3 -0.35 -0.15 0.05 -999 0.3246 0.348 0 1013.25 40 30 110
0.5 0 100 15 40 0.01 0.02 0 10 10 1.5 3 -0.35 -0.15 0.05 -999 0.3246 0.348 0 1013.25 40 30 120
0.5 0 100 15 40 0.01 0.02 0 10 10 1.5 3 -0.35 -0.15 0.05 -999 0.3246 0.348 0 1013.25 40 30 130
0.5 0 100 15 40 0.01 0.02 0 10 10 1.5 3 -0.35 -0.15 0.05 -999 0.3246 0.348 0 1013.25 40 30 140
0.5 0 100 15 40 0.01 0.02 0 10 10 1.5 3 -0.35 -0.15 0.05 -999 0.3246 0.348 0 1013.25 40 30 150
0.5 0 100 15 40 0.01 0.02 0 10 10 1.5 3 -0.35 -0.15 0.05 -999 0.3246 0.348 0 1013.25 40 30 160
0.5 0 100 15 40 0.01 0.02 0 10 10 1.5 3 -0.35 -0.15 0.05 -999 0.3246 0.348 0 1013.25 40 30 170
0.5 0 100 15 40 0.01 0.02 0 10 10 1.5 3 -0.35 -0.15 0.05 -999 0.3246 0.348 0 1013.25 40 30 180
0.5 0 100 15 40 0.01 0.02 0 10 10 1.5 3 -0.35 -0.15 0.05 -999 0.3246 0.348 0 1013.25 40 30 190
0.5 0 100 15 40 0.01 0.02 0 10 10 1.5 3 -0.35 -0.15 0.05 -999 0.3246 0.348 0 1013.25 40 30 200
0.5 0 100 15 40 0.01 0.02 0 10 10 1.5 3 -0.35 -0.15 0.05 -999 0.3246 0.348 0 1013.25 40 30 210
0.5 0 100 15 40 0.01 0.02 0 10 10 1.5 3 -0.35 -0.15 0.05 -999 0.3246 0.348 0 1013.25 40 30 220
0.5 0 100 15 40 0.01 0.02 0 10 10 1.5 3 -0.35 -0.15 0.05 -999 0.3246 0.348 0 1013.25 40 30 230
0.5 0 100 15 40 0.01 0.02 0 10 10 1.5 3 -0.35 -0.15 0.05 -999 0.3246 0.348 0 1013.25 40 30 240
0.5 0 100 15 40 0.01 0.02 0 10 10 1.5 3 -0.35 -0.15 0.05 -999 0.3246 0.348 0 1013.25 40 30 250
0.5 0 100 15 40 0.01 0.02 0 10 10 1.5 3 -0.35 -0.15 0.05 -999 0.3246 0.348 0 1013.25 40 30 260
0.5 0 100 15 40 0.01 0.02 0 10 10 1.5 3 -0.35 -0.15 0.05 -999 0.3246 0.348 0 1013.25 40 30 270
0.5 0 100 15 40 0.01 0.02 0 10 10 1.5 3 -0.35 -0.15 0.05 -999 0.3246 0.348 0 1013.25 40 30 280
0.5 0 100 15 40 0.01 0.02 0 10 10 1.5 3 -0.35 -0.15 0.05 -999 0.3246 0.348 0 1013.25 40 30 290
0.5 0 100 15 40 0.01 0.02 0 10 10 1.5 3 -0.35 -0.15 0.05 -999 0.3246 0.348 0 1013.25 40 30 300
0.5 0 100 15 40 0.01 0.02 0 10 10 1.5 3 -0.35 -0.15 0.05 -999 0.3246 0.348 0 1013.25 40 30 310
0.5 0 100 15 40 0.01 0.02 0 10 10 1.5 3 -0.35 -0.15 0.05 -999 0.3246 0.348 0 1013.25 40 30 320
0.5 0 100 15 40 0.01 0.02 0 10 10 1.5 3 -0.35 -0.15 0.05 -999 0.3246 0.348 0 1013.25 40 30 330
0.5 0 100 15 40 0.01 0.02 0 10 10 1.5 3 -0.35 -0.15 0.05 -999 0.3246 0.348 0 1013.25 40 30 340
0.5 0 100 15 40 0.01 0.02 0 10 10 1.5 3 -0.35 -0.15 0.05 -999 0.3246 0.348 0 1013.25 40 30 350
0.5 0 100 15 40 0.01 0.02 0 10 10 1.5 3 -0.35 -0.15 0.05 -999 0.3246 0.348 0 1013.25 40 30 360
0.5 0 100 15 40 0.01 0.02 0 10 10 1.5 3 -0.35 -0.15 0.05 -999 0.3246 0.348 0 1013.25 40 40 0
0.5 0 100 15 40 0.01 0.02 0 10 10 1.5 3 -0.35 -0.15 0.05 -999 0.3246 0.348 0 1013.25 40 40 10
0.5 0 100 15 40 0.01 0.02 0 10 10 1.5 3 -0.35 -0.15 0.05 -999 0.3246 0.348 0 1013.25 40 40 20
0.5 0 100 15 40 0.01 0.02 0 10 10 1.5 3 -0.35 -0.15 0.05 -999 0.3246 0.348 0 1013.25 40 40 30
0.5 0 100 15 40 0.01 0.02 0 10 10 1.5 3 -0.35 -0.15 0.05 -999 0.3246 0.348 0 1013.25 40 40 40
0.5 0 100 15 40 0.01 0.02 0 10 10 1.5 3 -0.35 -0.15 0.05 -999 0.3246 0.348 0 1013.25 40 40 50
0.5 0 100 15 40 0.01 0.02 0 10 10 1.5 3 -0.35 -0.15 0.05 -999 0.3246 0.348 0 1013.25 40 40 60
0.5 0 100 15 40 0.01 0.02 0 10 10 1.5 3 -0.35 -0.15 0.05 -999 0.3246 0.348 0 1013.25 40 40 70
0.5 0 100 15 40 0.01 0.02 0 10 10 1.5 3 -0.35 -0.15 0.05 -999 0.3246 0.348 0 1013.25 40 40 80
0.5 0 100 15 40 0.01 0.02 0 10 10 1.5 3 -0.35 -0.15 0.05 -999 0.3246 0.348 0 1013.25 40 40 90
0.5 0 100 15 40 0.01 0.02 0 10 10 1.5 3 -0.35 -0.15 0.05 -999 0.3246 0.348 0 1013.25 40 40 100
0.5 0 100 15 40 0.01 0.02 0 10 10 1.5 3 -0.35 -0.15 0.05 -999 0.3246 0.348 0 1013.25 40 40 110
0.5 0 100 15 40 0.01 0.02 0 10 10 1.5 3 -0.35 -0.15 0.05 -999 0.3246 0.348 0 1013.25 40 40 120
0.5 0 100 15 40 0.01 0.02 0 10 10 1.5 3 -0.35 -0.15 0.05 -999 0.3246 0.348 0 1013.25 40 40 130
0.5 0 100 15 40 0.01 0.02 0 10 10 1.5 3 -0.35 -0.15 0.05 -999 0.3246 0.348 0 1013.25 40 40 140
0.5 0 100 15 40 0.01 0.02 0 10 10 1.5 3 -0.35 -0.15 0.05 -999 0.3246 0.348 0 1013.25 40 40 150
0.5 0 100 15 40 0.01 0.02 0 10 10 1.5 3 -0.35 -0.15 0.05 -999 0.3246 0.348 0 1013.25 40 40 160
0.5 0 100 15 40 0.01 0.02 0 10 10 1.5 3 -0.35 -0.15 0.05 -999 0.3246 0.348 0 1013.25 40 40 170
0.5 0 100 15 40 0.01 0.02 0 10 10 1.5 3 -0.35 -0.15 0.05 -999 0.3246 0.348 0 1013.25 40 40 180
0.5 0 100 15 40 0.01 0.02 0 10 10 1.5 3 -0.35 -0.15 0.05 -999 0.3246 0.348 0 1013.25 40 40 190
0.5 0 100 15 40 0.01 0.02 0 10 10 1.5 3 -0.35 -0.15 0.05 -999 0.3246 0.348 0 1013.25 40 40 200
0.5 0 100 15 40 0.01 0.02 0 10 10 1.5 3 -0.35 -0.15 0.05 -999 0.3246 0.348 0 1013.25 40 40 210
0.5 0 100 15 40 0.01 0.02 0 10 10 1.5 3 -0.35 -0.15 0.05 -999 0.3246 0.348 0 1013.25 40 40 220
0.5 0 100 15 40 0.01 0.02 0 10 10 1.5 3 -0.35 -0.15 0.05 -999 0.3246 0.348 0 1013.25 40 40 230
0.5 0 100 15 40 0.01 0.02 0 10 10 1.5 3 -0.35 -0.15 0.05 -999 0.3246 0.348 0 1013.25 40 40 240
0.5 0 100 15 40 0.01 0.02 0 10 10 1.5 3 -0.35 -0.15 0.05 -999 0.3246 0.348 0 1013.25 40 40 250
0.5 0 100 15 40 0.01 0.02 0 10 10 1.5 3 -0.35 -0.15 0.05 -999 0.3246 0.348 0 1013.25 40 40 260
0.5 0 100 15 40 0.01 0.02 0 10 10 1.5 3 -0.35 -0.15 0.05 -999 0.3246 0.348 0 1013.25 40 40 270
0.5 0 100 15 40 0.01 0.02 0 10 10 1.5 3 -0.35 -0.15 0.05 -999 0.3246 0.348 0 1013.25 40 40 280
0.5 0 100 15 40 0.01 0.02 0 10 10 1.5 3 -0.35 -0.15 0.05 -999 0.3246 0.348 0 1013.25 40 40 290
0.5 0 100 15 40 0.01 0.02 0 10 10 1.5 3 -0.35 -0.15 0.05 -999 0.3246 0.348 0 1013.25 40 40 300
0.5 0 100 15 40 0.01 0.02 0 10 10 1.5 3 -0.35 -0.15 0.05 -999 0.3246 0.348 0 1013.25 40 40 310
0.5 0 100 15 40 0.01 0.02 0 10 10 1.5 3 -0.35 -0.15 0.05 -999 0.3246 0.348 0 1013.25 40 40 320
0.5 0 100 15 40 0.01 0.02 0 10 10 1.5 3 -0.35 -0.15 0.05 -999 0.3246 0.348 0 1013.25 40 40 330
0.5 0 100 15 40 0.01 0.02 0 10 10 1.5 3 -0.35 -0.15 0.05 -999 0.3246 0.348 0 1013.25 40 40 340
0.5 0 100 15 40 0.01 0.02 0 10 10 1.5 3 -0.35 -0.15 0.05 -999 0.3246 0.348 0 1013.25 40 40 350
0.5 0 100 15 40 0.01 0.02 0 10 10 1.5 3 -0.35 -0.15 0.05 -999 0.3246 0.348 0 1013.25 40 40 360
0.5 0 100 15 40 0.01 0.02 0 10 10 1.5 3 -0.35 -0.15 0.05 -999 0.3246 0.348 0 1013.25 40 50 0
0.5 0 100 15 40 0.01 0.02 0 10 10 1.5 3 -0.35 -0.15 0.05 -999 0.3246 0.348 0 1013.25 40 50 10
0.5 0 100 15 40 0.01 0.02 0 10 10 1.5 3 -0.35 -0.15 0.05 -999 0.3246 0.348 0 1013.25 40 50 20
0.5 0 100 15 40 0.01 0.02 0 10 10 1.5 3 -0.35 -0.15 0.05 -999 0.3246 0.348 0 1013.25 40 50 30
0.5 0 100 15 40 0.01 0.02 0 10 10 1.5 3 -0.35 -0.15 0.05 -999 0.3246 0.348 0 1013.25 40 50 40
0.5 0 100 15 40 0.01 0.02 0 10 10 1.5 3 -0.35 -0.15 0.05 -999 0.3246 0.348 0 1013.25 40 50 50
0.5 0 100 15 40 0.01 0.02 0 10 10 1.5 3 -0.35 -0.15 0.05 -999 0.3246 0.348 0 1013.25 40 50 60
0.5 0 100 15 40 0.01 0.02 0 10 10 1.5 3 -0.35 -0.15 0.05 -999 0.3246 0.348 0 1013.25 40 50 70
0.5 0 100 15 40 0.01 0.02 0 10 10 1.5 3 -0.35 -0.15 0.05 -999 0.3246 0.348 0 1013.25 40 50 80
0.5 0 100 15 40 0.01 0.02 0 10 10 1.5 3 -0.35 -0.15 0.05 -999 0.3246 0.348 0 1013.25 40 50 90
0.5 0 100 15 40 0.01 0.02 0 10 10 1.5 3 -0.35 -0.15 0.05 -999 0.3246 0.348 0 1013.25 40 50 100
0.5 0 100 15 40 0.01 0.02 0 10 10 1.5 3 -0.35 -0.15 0.05 -999 0.3246 0.348 0 1013.25 40 50 110
0.5 0 100 15 40 0.01 0.02 0 10 10 1.5 3 -0.35 -0.15 0.05 -999 0.3246 0.348 0 1013.25 40 50 120
0.5 0 100 15 40 0.01 0.02 0 10 10 1.5 3 -0.35 -0.15 0.05 -999 0.3246 0.348 0 1013.25 40 50 130
0.5 0 100 15 40 0.01 0.02 0 10 10 1.5 3 -0.35 -0.15 0.05 -999 0.3246 0.348 0 1013.25 40 50 140
0.5 0 100 15 40 0.01 0.02 0 10 10 1.5 3 -0.35 -0.15 0.05 -999 0.3246 0.348 0 1013.25 40 50 150
0.5 0 100 15 40 0.01 0.02 0 10 10 1.5 3 -0.35 -0.15 0.05 -999 0.3246 0.348 0 1013.25 40 50 160
0.5 0 100 15 40 0.01 0.02 0 10 10 1.5 3 -0.35 -0.15 0.05 -999 0.3246 0.348 0 1013.25 40 50 170
0.5 0 100 15 40 0.01 0.02 0 10 10 1.5 3 -0.35 -0.15 0.05 -999 0.3246 0.348 0 1013.25 40 50 180
0.5 0 100 15 40 0.01 0.02 0 10 10 1.5 3 -0.35 -0.15 0.05 -999 0.3246 0.348 0 1013.25 40 50 190
0.5 0 100 15 40 0.01 0.02 0 10 10 1.5 3 -0.35 -0.15 0.05 -999 0.3246 0.348 0 1013.25 40 50 200
0.5 0 100 15 40 0.01 0.02 0 10 10 1.5 3 -0.35 -0.15 0.05 -999 0.3246 0.348 0 1013.25 40 50 210
0.5 0 100 15 40 0.01 0.02 0 10 10 1.5 3 -0.35 -0.15 0.05 -999 0.3246 0.348 0 1013.25 40 50 220
0.5 0 100 15 40 0.01 0.02 0 10 10 1.5 3 -0.35 -0.15 0.05 -999 0.3246 0.348 0 1013.25 40 50 230
0.5 0 100 15 40 0.01 0.02 0 10 10 1.5 3 -0.35 -0.15 0.05 -999 0.3246 0.348 0 1013.25 40 50 240
0.5 0 100 15 40 0.01 0.02 0 10 10 1.5 3 -0.35 -0.15 0.05 -999 0.3246 0.348 0 1013.25 40 50 250
0.5 0 100 15 40 0.01 0.02 0 10 10 1.5 3 -0.35 -0.15 0.05 -999 0.3246 0.348 0 1013.25 40 50 260
0.5 0 100 15 40 0.01 0.02 0 10 10 1.5 3 -0.35 -0.15 0.05 -999 0.3246 0.348 0 1013.25 40 50 270
0.5 0 100 15 40 0.01 0.02 0 10 10 1.5 3 -0.35 -0.15 0.05 -999 0.3246 0.348 0 1013.25 40 50 280
0.5 0 100 15 40 0.01 0.02 0 10 10 1.5 3 -0.35 -0.15 0.05 -999 0.3246 0.348 0 1013.25 40 50 290
0.5 0 100 15 40 0.01 0.02 0 10 10 1.5 3 -0.35 -0.15 0.05 -999 0.3246 0.348 0 1013.25 40 50 300
0.5 0 100 15 40 0.01 0.02 0 10 10 1.5 3 -0.35 -0.15 0.05 -999 0.3246 0.348 0 1013.25 40 50 310
0.5 0 100 15 40 0.01 0.02 0 10 10 1.5 3 -0.35 -0.15 0.05 -999 0.3246 0.348 0 1013.25 40 50 320
0.5 0 100 15 40 0.01 0.02 0 10 10 1.5 3 -0.35 -0.15 0.05 -999 0.3246 0.348 0 1013.25 40 50 330
0.5 0 100 15 40 0.01 0.02 0 10 10 1.5 3 -0.35 -0.15 0.05 -999 0.3246 0.348 0 1013.25 40 50 340
0.5 0 100 15 40 0.01 0.02 0 10 10 1.5 3 -0.35 -0.15 0.05 -999 0.3246 0.348 0 1013.25 40 50 350
0.5 0 100 15 40 0.01 0.02 0 10 10 1.5 3 -0.35 -0.15 0.05 -999 0.3246 0.348 0 1013.25 40 50 360
0.5 0 100 15 40 0.01 0.02 0 10 10 1.5 3 -0.35 -0.15 0.05 -999 0.3246 0.348 0 1013.25 40 60 0
0.5 0 100 15 40 0.01 0.02 0 10 10 1.5 3 -0.35 -0.15 0.05 -999 0.3246 0.348 0 1013.25 40 60 10
0.5 0 100 15 40 0.01 0.02 0 10 10 1.5 3 -0.35 -0.15 0.05 -999 0.3246 0.348 0 1013.25 40 60 20
0.5 0 100 15 40 0.01 0.02 0 10 10 1.5 3 -0.35 -0.15 0.05 -999 0.3246 0.348 0 1013.25 40 60 30
0.5 0 100 15 40 0.01 0.02 0 10 10 1.5 3 -0.35 -0.15 0.05 -999 0.3246 0.348 0 1013.25 40 60 40
0.5 0 100 15 40 0.01 0.02 0 10 10 1.5 3 -0.35 -0.15 0.05 -999 0.3246 0.348 0 1013.25 40 60 50
0.5 0 100 15 40 0.01 0.02 0 10 10 1.5 3 -0.35 -0.15 0.05 -999 0.3246 0.348 0 1013.25 40 60 60
0.5 0 100 15 40 0.01 0.02 0 10 10 1.5 3 -0.35 -0.15 0.05 -999 0.3246 0.348 0 1013.25 40 60 70
0.5 0 100 15 40 0.01 0.02 0 10 10 1.5 3 -0.35 -0.15 0.05 -999 0.3246 0.348 0 1013.25 40 60 80
0.5 0 100 15 40 0.01 0.02 0 10 10 1.5 3 -0.35 -0.15 0.05 -999 0.3246 0.348 0 1013.25 40 60 90
0.5 0 100 15 40 0.01 0.02 0 10 10 1.5 3 -0.35 -0.15 0.05 -999 0.3246 0.348 0 1013.25 40 60 100
0.5 0 100 15 40 0.01 0.02 0 10 10 1.5 3 -0.35 -0.15 0.05 -999 0.3246 0.348 0 1013.25 40 60 110
0.5 0 100 15 40 0.01 0.02 0 10 10 1.5 3 -0.35 -0.15 0.05 -999 0.3246 0.348 0 1013.25 40 60 120
0.5 0 100 15 40 0.01 0.02 0 10 10 1.5 3 -0.35 -0.15 0.05 -999 0.3246 0.348 0 1013.25 40 60 130
0.5 0 100 15 40 0.01 0.02 0 10 10 1.5 3 -0.35 -0.15 0.05 -999 0.3246 0.348 0 1013.25 40 60 140
0.5 0 100 15 40 0.01 0.02 0 10 10 1.5 3 -0.35 -0.15 0.05 -999 0.3246 0.348 0 1013.25 40 60 150
0.5 0 100 15 40 0.01 0.02 0 10 10 1.5 3 -0.35 -0.15 0.05 -999 0.3246 0.348 0 1013.25 40 60 160
0.5 0 100 15 40 0.01 0.02 0 10 10 1.5 3 -0.35 -0.15 0.05 -999 0.3246 0.348 0 1013.25 40 60 170
0.5 0 100 15 40 0.01 0.02 0 10 10 1.5 3 -0.35 -0.15 0.05 -999 0.3246 0.348 0 1013.25 40 60 180
0.5 0 100 15 40 0.01 0.02 0 10 10 1.5 3 -0.35 -0.15 0.05 -999 0.3246 0.348 0 1013.25 40 60 190
0.5 0 100 15 40 0.01 0.02 0 10 10 1.5 3 -0.35 -0.15 0.05 -999 0.3246 0.348 0 1013.25 40 60 200
0.5 0 100 15 40 0.01 0.02 0 10 10 1.5 3 -0.35 -0.15 0.05 -999 0.3246 0.348 0 1013.25 40 60 210
0.5 0 100 15 40 0.01 0.02 0 10 10 1.5 3 -0.35 -0.15 0.05 -999 0.3246 0.348 0 1013.25 40 60 220
0.5 0 100 15 40 0.01 0.02 0 10 10 1.5 3 -0.35 -0.15 0.05 -999 0.3246 0.348 0 1013.25 40 60 230
0.5 0 100 15 40 0.01 0.02 0 10 10 1.5 3 -0.35 -0.15 0.05 -999 0.3246 0.348 0 1013.25 40 60 240
0.5 0 100 15 40 0.01 0.02 0 10 10 1.5 3 -0.35 -0.15 0.05 -999 0.3246 0.348 0 1013.25 40 60 250
0.5 0 100 15 40 0.01 0.02 0 10 10 1.5 3 -0.35 -0.15 0.05 -999 0.3246 0.348 0 1013.25 40 60 260
0.5 0 100 15 40 0.01 0.02 0 10 10 1.5 3 -0.35 -0.15 0.05 -999 0.3246 0.348 0 1013.25 40 60 270
0.5 0 100 15 40 0.01 0.02 0 10 10 1.5 3 -0.35 -0.15 0.05 -999 0.3246 0.348 0 1013.25 40 60 280
0.5 0 100 15 40 0.01 0.02 0 10 10 1.5 3 -0.35 -0.15 0.05 -999 0.3246 0.348 0 1013.25 40 60 290
0.5 0 100 15 40 0.01 0.02 0 10 10 1.5 3 -0.35 -0.15 0.05 -999 0.3246 0.348 0 1013.25 40 60 300
0.5 0 100 15 40 0.01 0.02 0 10 10 1.5 3 -0.35 -0.15 0.05 -999 0.3246 0.348 0 1013.25 40 60 310
0.5 0 100 15 40 0.01 0.02 0 10 10 1.5 3 -0.35 -0.15 0.05 -999 0.3246 0.348 0 1013.25 40 60 320
0.5 0 100 15 40 0.01 0.02 0 10 10 1.5 3 -0.35 -0.15 0.05 -999 0.3246 0.348 0 1013.25 40 60 330
0.5 0 100 15 40 0.01 0.02 0 10 10 1.5 3 -0.35 -0.15 0.05 -999 0.3246 0.348 0 1013.25 40 60 340
0.5 0 100 15 40 0.01 0.02 0 10 10 1.5 3 -0.35 -0.15 0.05 -999 0.3246 0.348 0 1013.25 40 60 350
0.5 0 100 15 40 0.01 0.02 0 10 10 1.5 3 -0.35 -0.15 0.05 -999 0.3246 0.348 0 1013.25 40 60 360
0.5 0 100 15 40 0.01 0.02 0 10 10 1.5 3 -0.35 -0.15 0.05 -999 0.3246 0.348 0 1013.25 40 70 0
0.5 0 100 15 40 0.01 0.02 0 10 10 1.5 3 -0.35 -0.15 0.05 -999 0.3246 0.348 0 1013.25 40 70 10
0.5 0 100 15 40 0.01 0.02 0 10 10 1.5 3 -0.35 -0.15 0.05 -999 0.3246 0.348 0 1013.25 40 70 20
0.5 0 100 15 40 0.01 0.02 0 10 10 1.5 3 -0.35 -0.15 0.05 -999 0.3246 0.348 0 1013.25 40 70 30
0.5 0 100 15 40 0.01 0.02 0 10 10 1.5 3 -0.35 -0.15 0.05 -999 0.3246 0.348 0 1013.25 40 70 40
0.5 0 100 15 40 0.01 0.02 0 10 10 1.5 3 -0.35 -0.15 0.05 -999 0.3246 0.348 0 1013.25 40 70 50
0.5 0 100 15 40 0.01 0.02 0 10 10 1.5 3 -0.35 -0.15 0.05 -999 0.3246 0.348 0 1013.25 40 70 60
0.5 0 100 15 40 0.01 0.02 0 10 10 1.5 3 -0.35 -0.15 0.05 -999 0.3246 0.348 0 1013.25 40 70 70
0.5 0 100 15 40 0.01 0.02 0 10 10 1.5 3 -0.35 -0.15 0.05 -999 0.3246 0.348 0 1013.25 40 70 80
0.5 0 100 15 40 0.01 0.02 0 10 10 1.5 3 -0.35 -0.15 0.05 -999 0.3246 0.348 0 1013.25 40 70 90
0.5 0 100 15 40 0.01 0.02 0 10 10 1.5 3 -0.35 -0.15 0.05 -999 0.3246 0.348 0 1013.25 40 70 100
0.5 0 100 15 40 0.01 0.02 0 10 10 1.5 3 -0.35 -0.15 0.05 -999 0.3246 0.348 0 1013.25 40 70 110
0.5 0 100 15 40 0.01 0.02 0 10 10 1.5 3 -0.35 -0.15 0.05 -999 0.3246 0.348 0 1013.25 40 70 120
0.5 0 100 15 40 0.01 0.02 0 10 10 1.5 3 -0.35 -0.15 0.05 -999 0.3246 0.348 0 1013.25 40 70 130
0.5 0 100 15 40 0.01 0.02 0 10 10 1.5 3 -0.35 -0.15 0.05 -999 0.3246 0.348 0 1013.25 40 70 140
0.5 0 100 15 40 0.01 0.02 0 10 10 1.5 3 -0.35 -0.15 0.05 -999 0.3246 0.348 0 1013.25 40 70 150
0.5 0 100 15 40 0.01 0.02 0 10 10 1.5 3 -0.35 -0.15 0.05 -999 0.3246 0.348 0 1013.25 40 70 160
0.5 0 100 15 40 0.01 0.02 0 10 10 1.5 3 -0.35 -0.15 0.05 -999 0.3246 0.348 0 1013.25 40 70 170
0.5 0 100 15 40 0.01 0.02 0 10 10 1.5 3 -0.35 -0.15 0.05 -999 0.3246 0.348 0 1013.25 40 70 180
0.5 0 100 15 40 0.01 0.02 0 10 10 1.5 3 -0.35 -0.15 0.05 -999 0.3246 0.348 0 1013.25 40 70 190
0.5 0 100 15 40 0.01 0.02 0 10 10 1.5 3 -0.35 -0.15 0.05 -999 0.3246 0.348 0 1013.25 40 70 200
0.5 0 100 15 40 0.01 0.02 0 10 10 1.5 3 -0.35 -0.15 0.05 -999 0.3246 0.348 0 1013.25 40 70 210
0.5 0 100 15 40 0.01 0.02 0 10 10 1.5 3 -0.35 -0.15 0.05 -999 0.3246 0.348 0 1013.25 40 70 220
0.5 0 100 15 40 0.01 0.02 0 10 10 1.5 3 -0.35 -0.15 0.05 -999 0.3246 0.348 0 1013.25 40 70 230
0.5 0 100 15 40 0.01 0.02 0 10 10 1.5 3 -0.35 -0.15 0.05 -999 0.3246 0.348 0 1013.25 40 70 240
0.5 0 100 15 40 0.01 0.02 0 10 10 1.5 3 -0.35 -0.15 0.05 -999 0.3246 0.348 0 1013.25 40 70 250
0.5 0 100 15 40 0.01 0.02 0 10 10 1.5 3 -0.35 -0.15 0.05 -999 0.3246 0.348 0 1013.25 40 70 260
0.5 0 100 15 40 0.01 0.02 0 10 10 1.5 3 -0.35 -0.15 0.05 -999 0.3246 0.348 0 1013.25 40 70 270
0.5 0 100 15 40 0.01 0.02 0 10 10 1.5 3 -0.35 -0.15 0.05 -999 0.3246 0.348 0 1013.25 40 70 280
0.5 0 100 15 40 0.01 0.02 0 10 10 1.5 3 -0.35 -0.15 0.05 -999 0.3246 0.348 0 1013.25 40 70 290
0.5 0 100 15 40 0.01 0.02 0 10 10 1.5 3 -0.35 -0.15 0.05 -999 0.3246 0.348 0 1013.25 40 70 300
0.5 0 100 15 40 0.01 0.02 0 10 10 1.5 3 -0.35 -0.15 0.05 -999 0.3246 0.348 0 1013.25 40 70 310
0.5 0 100 15 40 0.01 0.02 0 10 10 1.5 3 -0.35 -0.15 0.05 -999 0.3246 0.348 0 1013.25 40 70 320
0.5 0 100 15 40 0.01 0.02 0 10 10 1.5 3 -0.35 -0.15 0.05 -999 0.3246 0.348 0 1013.25 40 70 330
0.5 0 100 15 40 0.01 0.02 0 10 10 1.5 3 -0.35 -0.15 0.05 -999 0.3246 0.348 0 1013.25 40 70 340
0.5 0 100 15 40 0.01 0.02 0 10 10 1.5 3 -0.35 -0.15 0.05 -999 0.3246 0.348 0 1013.25 40 70 350
0.5 0 100 15 40 0.01 0.02 0 10 10 1.5 3 -0.35 -0.15 0.05 -999 0.3246 0.348 0 1013.25 40 70 360
0.5 0 100 15 40 0.01 0.02 0 10 10 1.5 3 -0.35 -0.15 0.05 -999 0.3246 0.348 0 1013.25 40 80 0
0.5 0 100 15 40 0.01 0.02 0 10 10 1.5 3 -0.35 -0.15 0.05 -999 0.3246 0.348 0 1013.25 40 80 10
0.5 0 100 15 40 0.01 0.02 0 10 10 1.5 3 -0.35 -0.15 0.05 -999 0.3246 0.348 0 1013.25 40 80 20
0.5 0 100 15 40 0.01 0.02 0 10 10 1.5 3 -0.35 -0.15 0.05 -999 0.3246 0.348 0 1013.25 40 80 30
0.5 0 100 15 40 0.01 0.02 0 10 10 1.5 3 -0.35 -0.15 0.05 -999 0.3246 0.348 0 1013.25 40 80 40
0.5 0 100 15 40 0.01 0.02 0 10 10 1.5 3 -0.35 -0.15 0.05 -999 0.3246 0.348 0 1013.25 40 80 50
0.5 0 100 15 40 0.01 0.02 0 10 10 1.5 3 -0.35 -0.15 0.05 -999 0.3246 0.348 0 1013.25 40 80 60
0.5 0 100 15 40 0.01 0.02 0 10 10 1.5 3 -0.35 -0.15 0.05 -999 0.3246 0.348 0 1013.25 40 80 70
0.5 0 100 15 40 0.01 0.02 0 10 10 1.5 3 -0.35 -0.15 0.05 -999 0.3246 0.348 0 1013.25 40 80 80
0.5 0 100 15 40 0.01 0.02 0 10 10 1.5 3 -0.35 -0.15 0.05 -999 0.3246 0.348 0 1013.25 40 80 90
0.5 0 100 15 40 0.01 0.02 0 10 10 1.5 3 -0.35 -0.15 0.05 -999 0.3246 0.348 0 1013.25 40 80 100
0.5 0 100 15 40 0.01 0.02 0 10 10 1.5 3 -0.35 -0.15 0.05 -999 0.3246 0.348 0 1013.25 40 80 110
0.5 0 100 15 40 0.01 0.02 0 10 10 1.5 3 -0.35 -0.15 0.05 -999 0.3246 0.348 0 1013.25 40 80 120
0.5 0 100 15 40 0.01 0.02 0 10 10 1.5 3 -0.35 -0.15 0.05 -999 0.3246 0.348 0 1013.25 40 80 130
0.5 0 100 15 40 0.01 0.02 0 10 10 1.5 3 -0.35 -0.15 0.05 -999 0.3246 0.348 0 1013.25 40 80 140
0.5 0 100 15 40 0.01 0.02 0 10 10 1.5 3 -0.35 -0.15 0.05 -999 0.3246 0.348 0 1013.25 40 80 150
0.5 0 100 15 40 0.01 0.02 0 10 10 1.5 3 -0.35 -0.15 0.05 -999 0.3246 0.348 0 1013.25 40 80 160
0.5 0 100 15 40 0.01 0.02 0 10 10 1.5 3 -0.35 -0.15 0.05 -999 0.3246 0.348 0 1013.25 40 80 170
0.5 0 100 15 40 0.01 0.02 0 10 10 1.5 3 -0.35 -0.15 0.05 -999 0.3246 0.348 0 1013.25 40 80 180
0.5 0 100 15 40 0.01 0.02 0 10 10 1.5 3 -0.35 -0.15 0.05 -999 0.3246 0.348 0 1013.25 40 80 190
0.5 0 100 15 40 0.01 0.02 0 10 10 1.5 3 -0.35 -0.15 0.05 -999 0.3246 0.348 0 1013.25 40 80 200
0.5 0 100 15 40 0.01 0.02 0 10 10 1.5 3 -0.35 -0.15 0.05 -999 0.3246 0.348 0 1013.25 40 80 210
0.5 0 100 15 40 0.01 0.02 0 10 10 1.5 3 -0.35 -0.15 0.05 -999 0.3246 0.348 0 1013.25 40 80 220
0.5 0 100 15 40 0.01 0.02 0 10 10 1.5 3 -0.35 -0.15 0.05 -999 0.3246 0.348 0 1013.25 40 80 230
0.5 0 100 15 40 0.01 0.02 0 10 10 1.5 3 -0.35 -0.15 0.05 -999 0.3246 0.348 0 1013.25 40 80 240
0.5 0 100 15 40 0.01 0.02 0 10 10 1.5 3 -0.35 -0.15 0.05 -999 0.3246 0.348 0 1013.25 40 80 250
0.5 0 100 15 40 0.01 0.02 0 10 10 1.5 3 -0.35 -0.15 0.05 -999 0.3246 0.348 0 1013.25 40 80 260
0.5 0 100 15 40 0.01 0.02 0 10 10 1.5 3 -0.35 -0.15 0.05 -999 0.3246 0.348 0 1013.25 40 80 270
0.5 0 100 15 40 0.01 0.02 0 10 10 1.5 3 -0.35 -0.15 0.05 -999 0.3246 0.348 0 1013.25 40 80 280
0.5 0 100 15 40 0.01 0.02 0 10 10 1.5 3 -0.35 -0.15 0.05 -999 0.3246 0.348 0 1013.25 40 80 290
0.5 0 100 15 40 0.01 0.02 0 10 10 1.5 3 -0.35 -0.15 0.05 -999 0.3246 0.348 0 1013.25 40 80 300
0.5 0 100 15 40 0.01 0.02 0 10 10 1.5 3 -0.35 -0.15 0.05 -999 0.3246 0.348 0 1013.25 40 80 310
0.5 0 100 15 40 0.01 0.02 0 10 10 1.5 3 -0.35 -0.15 0.05 -999 0.3246 0.348 0 1013.25 40 80 320
0.5 0 100 15 40 0.01 0.02 0 10 10 1.5 3 -0.35 -0.15 0.05 -999 0.3246 0.348 0 1013.25 40 80 330
0.5 0 100 15 40 0.01 0.02 0 10 10 1.5 3 -0.35 -0.15 0.05 -999 0.3246 0.348 0 1013.25 40 80 340
0.5 0 100 15 40 0.01 0.02 0 10 10 1.5 3 -0.35 -0.15 0.05 -999 0.3246 0.348 0 1013.25 40 80 350
0.5 0 100 15 40 0.01 0.02 0 10 10 1.5 3 -0.35 -0.15 0.05 -999 0.3246 0.348 0 1013.25 40 80 360
0.5 0 100 15 40 0.01 0.02 0 10 10 1.5 3 -0.35 -0.15 0.05 -999 0.3246 0.348 0 1013.25 40 40 0
0.5 0 100 15 40 0.01 0.02 0 10 10 1.5 3 -0.35 -0.15 0.05 -999 0.3246 0.348 0 1013.25 40 42 0
0.5 0 100 15 40 0.01 0.02 0 10 10 1.5 3 -0.35 -0.15 0.05 -999 0.3246 0.348 0 1013.25 40 44 0
0.5 0 100 15 40 0.01 0.02 0 10 10 1.5 3 -0.35 -0.15 0.05 -999 0.3246 0.348 0 1013.25 40 38 0
0.5 0 100 15 40 0.01 0.02 0 10 10 1.5 3 -0.35 -0.15 0.05 -999 0.3246 0.348 0 1013.25 40 36 0
0.5 0 100 15 40 0.01 0.02 0 10 10 1.5 3 -0.35 -0.15 0.05 -999 0.3246 0.348 0 1013.25 40 40 2
0.5 0 100 15 40 0.01 0.02 0 10 10 1.5 3 -0.35 -0.15 0.05 -999 0.3246 0.348 0 1013.25 40 40 358
0.5 0 100 15 40 0.01 0.02 0 10 10 1.5 3 -0.35 -0.15 0.05 -999 0.3246 0.348 0 1013.25 40 10 0
0.5 0 100 15 40 0.01 0.02 0 10 10 1.5 3 -0.35 -0.15 0.05 -999 0.3246 0.348 0 1013.25 40 20 0
0.5 0 100 15 40 0.01 0.02 0 10 10 1.5 3 -0.35 -0.15 0.05 -999 0.3246 0.348 0 1013.25 40 30 0
0.5 0 100 15 40 0.01 0.02 0 10 10 1.5 3 -0.35 -0.15 0.05 -999 0.3246 0.348 0 1013.25 40 40 0
0.5 0 100 15 40 0.01 0.02 0 10 10 1.5 3 -0.35 -0.15 0.05 -999 0.3246 0.348 0 1013.25 40 50 0
0.5 0 100 15 40 0.01 0.02 0 10 10 1.5 3 -0.35 -0.15 0.05 -999 0.3246 0.348 0 1013.25 40 60 0
0.5 0 100 15 40 0.01 0.02 0 10 10 1.5 3 -0.35 -0.15 0.05 -999 0.3246 0.348 0 1013.25 40 10 180
0.5 0 100 15 40 0.01 0.02 0 10 10 1.5 3 -0.35 -0.15 0.05 -999 0.3246 0.348 0 1013.25 40 20 180
0.5 0 100 15 40 0.01 0.02 0 10 10 1.5 3 -0.35 -0.15 0.05 -999 0.3246 0.348 0 1013.25 40 30 180
0.5 0 100 15 40 0.01 0.02 0 10 10 1.5 3 -0.35 -0.15 0.05 -999 0.3246 0.348 0 1013.25 40 40 180
0.5 0 100 15 40 0.01 0.02 0 10 10 1.5 3 -0.35 -0.15 0.05 -999 0.3246 0.348 0 1013.25 40 50 180
0.5 0 100 15 40 0.01 0.02 0 10 10 1.5 3 -0.35 -0.15 0.05 -999 0.3246 0.348 0 1013.25 40 60 180
0.5 0 100 15 40 0.01 0.02 0 10 10 1.5 3 -0.35 -0.15 0.05 -999 0.3246 0.348 0 1013.25 40 10 90
0.5 0 100 15 40 0.01 0.02 0 10 10 1.5 3 -0.35 -0.15 0.05 -999 0.3246 0.348 0 1013.25 40 20 90
0.5 0 100 15 40 0.01 0.02 0 10 10 1.5 3 -0.35 -0.15 0.05 -999 0.3246 0.348 0 1013.25 40 30 90
0.5 0 100 15 40 0.01 0.02 0 10 10 1.5 3 -0.35 -0.15 0.05 -999 0.3246 0.348 0 1013.25 40 40 90
0.5 0 100 15 40 0.01 0.02 0 10 10 1.5 3 -0.35 -0.15 0.05 -999 0.3246 0.348 0 1013.25 40 50 90
0.5 0 100 15 40 0.01 0.02 0 10 10 1.5 3 -0.35 -0.15 0.05 -999 0.3246 0.348 0 1013.25 40 60 90
0.5 0 100 15 40 0.01 0.02 0 10 10 1.5 3 -0.35 -0.15 0.05 -999 0.3246 0.348 0 1013.25 40 10 270
0.5 0 100 15 40 0.01 0.02 0 10 10 1.5 3 -0.35 -0.15 0.05 -999 0.3246 0.348 0 1013.25 40 20 270
0.5 0 100 15 40 0.01 0.02 0 10 10 1.5 3 -0.35 -0.15 0.05 -999 0.3246 0.348 0 1013.25 40 30 270
0.5 0 100 15 40 0.01 0.02 0 10 10 1.5 3 -0.35 -0.15 0.05 -999 0.3246 0.348 0 1013.25 40 40 270
0.5 0 100 15 40 0.01 0.02 0 10 10 1.5 3 -0.35 -0.15 0.05 -999 0.3246 0.348 0 1013.25 40 50 270
0.5 0 100 15 40 0.01 0.02 0 10 10 1.5 3 -0.35 -0.15 0.05 -999 0.3246 0.348 0 1013.25 40 60 270
